name: brent_kung
Fmax: 275.0 MHz (3.6363636363636362 ns)
slack: 0.022021
required: 3.636364
instances: 2782
design_area: 17880
utilization: 62
