name: buffer_bit
Fmax: 225.0 MHz (4.444444444444445 ns)
slack: 0.138368
required: 4.444445
instances: 4613
design_area: 29726
utilization: 63
