name: otbn_alu_bignum
in2out_slack: 4.080517
in2out_required: 25.400000
shortest_slack: 4.080517
instances: 74836
design_area: 637872
utilization: 59
