name: otbn_alu_bignum
in2out_slack: 5.787714
in2out_required: 25.400000
shortest_slack: 5.787714
instances: 67762
design_area: 582021
utilization: 59
