name: otbn_mac_bignum
Fmax: 30 (33.333333333333336)
in2out_slack: 0.878561
in2out_required: 33.333332
shortest_slack: 0.878561
instances: 41992
design_area: 335058
utilization: 50
