name: otbn_alu_bignum
in2out_slack: 6.724699
in2out_required: 25.400000
shortest_slack: 6.724699
instances: 67613
design_area: 564244
utilization: 58
