name: otbn_mac_bignum
in2out_slack: 858.989136
in2out_required: 4000.000000
shortest_slack: 858.989136
instances: 42172
design_area: 4623
utilization: 43
