name: otbn_bignum_mul
Fmax: 100.0 MHz (10.0 ns)
slack: 0.071325
required: 10.000000
instances: 19708
design_area: 152694
utilization: 48
