name: otbn_alu_bignum
in2out_slack: 6.140940
in2out_required: 25.400000
shortest_slack: 6.14094
instances: 59951
design_area: 507099
utilization: 58
