name: otbn_mac_bignum
in2out_slack: -8.078218
in2out_required: 25.400000
shortest_slack: -8.078218
instances: 41759
design_area: 332270
utilization: 50
