name: otbn_mac_bignum
in2out_slack: -0.162338
in2out_required: 25.400000
shortest_slack: -0.162338
instances: 48394
design_area: 404054
utilization: 54
