name: otbn_alu_bignum
in2out_slack: 2124.224609
in2out_required: 4000.000000
shortest_slack: 2124.224609
instances: 48488
design_area: 5835
utilization: 44
