name: otbn_mac_bignum
in2out_slack: 0.055969
in2out_required: 25.400000
shortest_slack: 0.055969
instances: 39414
design_area: 325645
utilization: 53
