name: otbn_mac_bignum
in2out_slack: 379.160492
in2out_required: 4000.000000
shortest_slack: 379.160492
instances: 33381
design_area: 3666
utilization: 43
