name: otbn_alu_bignum
in2out_slack: 1573.982788
in2out_required: 4000.000000
shortest_slack: 1573.982788
instances: 50956
design_area: 6097
utilization: 44
