name: unified_mul
Fmax: 60.0 MHz (16.666666666666668 ns)
slack: 0.963242
required: 16.666666
instances: 27641
design_area: 227357
utilization: 54
