name: brent_kung_256
Fmax: 270.0 MHz (3.7037037037037037 ns)
slack: 0.044872
required: 3.703704
instances: 2658
design_area: 16563
utilization: 59
