name: brent_kung
Fmax: 260.0 MHz (3.8461538461538463 ns)
slack: 0.120649
required: 3.846154
instances: 2781
design_area: 18204
utilization: 64
