name: kogge_stone
Fmax: 280.0 MHz (3.5714285714285716 ns)
slack: 0.071924
required: 3.571429
instances: 8058
design_area: 66655
utilization: 78
