name: otbn_alu_bignum
Fmax: 63.0 MHz (15.873015873015873 ns)
slack: 2.786726
required: 15.873015
instances: 45710
design_area: 356344
utilization: 57
