name: otbn
Fmax: 38.0 MHz (26.31578947368421 ns)
slack: 14.057341
required: 26.315790
instances: 260835
design_area: 2203692
utilization: 48
