name: otbn_mac_bignum
Fmax: 38.0 MHz (26.31578947368421 ns)
slack: 0.182832
required: 26.315790
instances: 40176
design_area: 326407
utilization: 50
