name: otbn
Fmax: 46.0 MHz (21.73913043478261 ns)
slack: 10.071730
required: 21.739130
instances: 228574
design_area: 1910370
utilization: 46
