name: otbn_alu_bignum
Fmax: 83.0 MHz (12.048192771084338 ns)
slack: 0.258532
required: 12.048193
instances: 51829
design_area: 419507
utilization: 59
