name: otbn_mac_bignum
Fmax: 48.0 MHz (20.833333333333332 ns)
slack: 0.565485
required: 20.833334
instances: 49712
design_area: 413239
utilization: 55
