name: otbn
Fmax: 38.0 MHz (26.31578947368421 ns)
slack: 14.104406
required: 26.315790
instances: 251125
design_area: 2113059
utilization: 48
