name: otbn_alu_bignum
Fmax: 63.0 MHz (15.873015873015873 ns)
slack: 0.053436
required: 15.873015
instances: 57908
design_area: 474690
utilization: 61
