name: otbn_mac_bignum
Fmax: 48.0 MHz (20.833333333333332 ns)
slack: 0.145334
required: 20.833334
instances: 41121
design_area: 331824
utilization: 54
