name: otbn_bignum_mul
Fmax: 100.0 MHz (10.0 ns)
slack: 0.064289
required: 10.000000
instances: 20100
design_area: 159305
utilization: 50
