name: otbn_mul
Fmax: 69.0 MHz (14.492753623188406 ns)
slack: 0.095811
required: 14.492753
instances: 22417
design_area: 177448
utilization: 46
