name: otbn_mac_bignum
Fmax: 67.0 MHz (14.925373134328359 ns)
slack: 0.160814
required: 14.925373
instances: 30796
design_area: 250807
utilization: 53
