name: otbn
Fmax: 28.0 MHz (35.714285714285715 ns)
slack: 24.038986
required: 35.714283
instances: 246439
design_area: 2075564
utilization: 47
