name: otbn_alu_bignum
Fmax: 82.0 MHz (12.195121951219512 ns)
slack: 0.878972
required: 12.195122
instances: 39110
design_area: 295046
utilization: 57
