name: otbn
Fmax: 39.0 MHz (25.641025641025642 ns)
slack: 13.634809
required: 25.641026
instances: 267760
design_area: 2260897
utilization: 49
