name: otbn_alu_bignum
Fmax: 86.0 MHz (11.627906976744185 ns)
slack: 0.045042
required: 11.627907
instances: 49902
design_area: 414588
utilization: 60
