name: ref_add
Fmax: 250.0 MHz (4.0 ns)
slack: 0.103509
required: 4.000000
instances: 4242
design_area: 27978
utilization: 65
