name: sklansky
Fmax: 290.0 MHz (3.4482758620689653 ns)
slack: 0.099424
required: 3.448276
instances: 2968
design_area: 19330
utilization: 67
