name: sklansky_256
Fmax: 240.0 MHz (4.166666666666667 ns)
slack: 0.140923
required: 4.166667
instances: 2694
design_area: 16145
utilization: 64
