name: towards_alu_adder
Fmax: 190.0 MHz (5.2631578947368425 ns)
slack: 0.004734
required: 5.263158
instances: 3897
design_area: 21438
utilization: 66
