name: towards_mac_adder
Fmax: 190.0 MHz (5.2631578947368425 ns)
slack: 0.039629
required: 5.263158
instances: 3199
design_area: 19834
utilization: 64
