name: unified_mul
Fmax: 60.0 MHz (16.666666666666668 ns)
slack: 0.111163
required: 16.666666
instances: 27393
design_area: 218222
utilization: 51
