name: unified_mul
Fmax: 73.0 MHz (13.698630136986301 ns)
slack: 0.090531
required: 13.698630
instances: 28010
design_area: 227009
utilization: 53
